pubmed_id
33338635
33338598
33335518
33335187
33332778
33332663
33332418
33331864
33331746
33331349
33330891
33330864
33330324
33329400
33329337
33329336
33329241
33328754
33327904
33327507
33324572
33323917
33320847
33320278
33319649
33318770
33318046
33317878
33317870
33316947
33316914
33315943
33315163
33315119
33313306
33312826
33312511
33310348
33309698
33309578
33308994
33308355
33308117
33307549
33307029
33306718
33306140
33305306
33304584
33304368
33303375
33303188
33301692
33300456
33300011
33299993
33299872
33297938
33296701
33296131
33295289
33294423
33294307
33291939
33291560
33290963
33290728
33290594
33289973
33289930
33289868
33289854
33288981
33287945
33285190
33283765
33283072
33283030
33282890
33282812
33282717
33282710
33282586
33282582
33282419
33281252
33281225
33278893
33278737
33278049
33276969
33275961
33275270
33274479
33274410
33272568
33272261
33270713
33269536
33269364
33268939
33267873
33267785
33267767
33267699
33266385
33265927
33263775
33262895
33262599
33261917
33261845
33261173
33259037
33258019
33254575
33254432
33254244
33254185
33252008
33251226
33251126
33251079
33250972
33249821
33249696
33249289
33247978
33247643
33246350
33245459
33245381
33244614
33243437
33242812
33242672
33242510
33242368
33240654
33236033
33235828
33235395
33234246
33234158
33234144
33234007
33233531
33232684
33232578
33231573
33231206
33230416
33229202
33228481
33228225
33227700
33227028
33224571
33223610
33223609
33223418
33223405
33221759
33220088
33219854
33219467
33219453
33218388
33218124
33216734
33216213
33216154
33215470
33215158
33215063
33214993
33214960
33213230
33212162
33211810
33211781
33211672
33211649
33211442
33211436
33211155
33208006
33207488
33206792
33206195
33204764
33203887
33202670
33201172
33201081
33200824
33200683
33200144
33200116
33199778
33199570
33197212
33196625
33195610
33195600
33195477
33195436
33195335
33195060
33194983
33194154
33194123
33194122
33193448
33193390
33193385
33193359
33193132
33193009
33192883
33192170
33191669
33190791
33190028
33189939
33189790
33187918
33187555
33186704
33186219
33185722
33185697
33185672
33185576
33184805
33184722
33183539
33182073
33181508
33180935
33179788
33179220
33178392
33178094
33178016
33176273
33175565
33174109
33173911
33173807
33173806
33173544
33173244
33170333
33169104
33169062
33168413
33167846
33167325
33164753
33163894
33163634
33163249
33163178
33162611
33161557
33161318
33161277
33160700
33160178
33160138
33159728
33157295
33156352
33155531
33155525
33150221
33149101
33147603
33145663
33144890
33144889
33142844
33141332
33141331
33138905
33137894
33134554
33136577
33136449
33134963
33133492
33133083
33133048
33133024
33132915
33132796
33132795
33132723
33132576
33132063
33131033
33129713
33128927
33126109
33125301
33123776
33122999
33117402
33117175
33116761
33116397
33115682
33113017
33112980
33112638
33112637
33111751
33110869
33110531
33110074
33109863
33109291
33108703
33106987
33104386
33103616
33103098
33103062
33102424
33101175
33100656
33098147
33094216
33093981
33092632
33091511
33090493
33090438
33089730
33089045
33087717
33086932
33082935
33086222
33085970
33085714
33084423
33084001
33083812
33083026
33082849
33081916
33081863
33080877
33080269
33078604
33078096
33077981
33077836
33075043
33074241
33073712
33072818
33072624
33072103
33072093
33070912
33070578
33070060
33069853
33068577
33068023
33065092
33064267
33064159
33061542
33061535
33059040
33057907
33055390
33055355
33053759
33052356
33048213
33047864
33047045
33046268
33046088
33045858
33045354
33044655
33042494
33041620
33041350
33040303
33038592
33038310
33038090
33038013
33037895
33037310
33037066
33036548
33036351
33034695
33034674
33034546
33033888
33033459
33032204
33032060
33031602
33031409
33030637
33030322
33027775
33026569
33026483
33026199
33025540
33025071
33025029
33024969
33022569
33021847
33020742
33017864
33017280
33015552
33015111
33014484
33014253
33013194
33011959
33011929
33011887
33011745
33010487
33010244
33010226
33009982
33009401
33007951
33006981
33004295
33001220
32999997
32998039
32995318
32994673
32992511
32992435
32992359
32992323
32992199
32987349
32987182
32984564
32984209
32984046
32983936
32983832
32983183
32983172
32982599
32982062
32981754
32981003
32980554
32980318
32979475
32978777
32978513
32974994
32974374
32973655
32972126
32971472
32971105
32970352
32968843
32967358
32967312
32966547
32965521
32965012
32964802
32961252
32961040
32959730
32959455
32959115
32959000
32957826
32957797
32957539
32956703
32955901
32954769
32953959
32952468
32952312
32949985
32948987
32948978
32948888
32948360
32948117
32947171
32946029
32945157
32945156
32942299
32940328
32939324
32939266
32938349
32936348
32935536
32935535
32935108
32933369
32933031
32930963
32926584
32926425
32925313
32923602
32923472
32923288
32923004
32922690
32922408
32922166
32921916
32921739
32921736
32921723
32921715
32921214
32920571
32920348
32918413
32917809
32916509
32916377
32915505
32914668
32914236
32913621
32910469
32909697
32908986
32907663
32907635
32906733
32905897
32905019
32904785
32904682
32903640
32902818
32901615
32901177
32900267
32899457
32899023
32897407
32894621
32894567
32894032
32891904
32890595
32890139
32889701
32889479
32888977
32888840
32888763
32886159
32885275
32883328
32881659
32881350
32881304
32881296
32881062
32880819
32880264
32880004
32878994
32878881
32877511
32877397
32876719
32876633
32876019
32875990
32875286
32874957
32873520
32871846
32871606
32870352
32869489
32869043
32868115
32867645
32866898
32866811
32866053
32865603
32864934
32864341
32863816
32862058
32860390
32859813
32859545
32859016
32858060
32857990
32857175
32856216
32855101
32854985
32853434
32853163
32852580
32852238
32851129
32850963
32850912
32850560
32850428
32848488
32848431
32847628
32847034
32846885
32846164
32846033
32845742
32845393
32845384
32845031
32844821
32844113
32843845
32843234
32843231
32841924
32841640
32840856
32840663
32840646
32839951
32839385
32839288
32838356
32838169
32838162
32838109
32837982
32837948
32837880
32837601
32837592
32837551
32837305
32837303
32837302
32837296
32837220
32837214
32837209
32837201
32837118
32837100
32837036
32837031
32836899
32836898
32836897
32836838
32836394
32836331
32836306
32836219
32835700
32835213
32835127
32835119
32834986
32834981
32834921
32834585
32834556
32834140
32833770
32833201
32832877
32831521
32830894
32829962
32829961
32829912
32829224
32825430
32824573
32824122
32822756
32820239
32820084
32819861
32818801
32818545
32818132
32817961
32817950
32817934
32817933
32816200
32816114
32811354
32809050
32809036
32808513
32807536
32807489
32804796
32804279
32803670
32803662
32800868
32800858
32799566
32798353
32798347
32798244
32794453
32793921
32793907
32792708
32791263
32788835
32788547
32787470
32784826
32784543
32784125
32782814
32778542
32778136
32776251
32773929
32773100
32772172
32771962
32771236
32768882
32768693
32767920
32767548
32767259
32766585
32766583
32766538
32766266
32764519
32764506
32763728
32759673
32758875
32758864
32758635
32757374
32757061
32756602
32755343
32755094
32754974
32754164
32754147
32753153
32750141
32749644
32748124
32747157
32745811
32745604
32744714
32744709
32744465
32743590
32743569
32743567
32743211
32742835
32739606
32737579
32735892
32735326
32735134
32735131
32733979
32733907
32731687
32731331
32731275
32731257
32730844
32730533
32730380
32730234
32728654
32727145
32726363
32725017
32723443
32723347
32722343
32722164
32721814
32721809
32721605
32720259
32719731
32718300
32717807
32717534
32717076
32716038
32715804
32714336
32714335
32714125
32714107
32713385
32713376
32712775
32712426
32712205
32712031
32708840
32708504
32708112
32706210
32706087
32705953
32705298
32702726
32701135
32700405
32699861
32699587
32697842
32695683
32695123
32693224
32693151
32691370
32691342
32690053
32688183
32687955
32687485
32685326
32685170
32684674
32684170
32683320
32683304
32683296
32681708
32680695
32679582
32679527
32679430
32679422
32678975
32676599
32673711
32671650
32671601
32670724
32670526
32669705
32668692
32668443
32668058
32667839
32666683
32661916
32661675
32660401
32660125
32659475
32658758
32658735
32656673
32656591
32656306
32655578
32654986
32654350
32654210
32653566
32653468
32652915
32652872
32652164
32650818
32650354
32650276
32650158
32648245
32648153
32646726
32646487
32646464
32646049
32645391
32644205
32643071
32641902
32641732
32640492
32640417
32640274
32639598
32638150
32636930
32635302
32634813
32634699
32634438
32633733
32633236
32632523
32632359
32631772
32623632
32623350
32623038
32621066
32621065
32619134
32617983
32617666
32615046
32613258
32613255
32613202
32611906
32607512
32607454
32605549
32599963
32599614
32598342
32596244
32595974
32595958
32595085
32594821
32594272
32593832
32593409
32593122
32592406
32592113
32591651
32588125
32587964
32587887
32587806
32583171
32583053
32583042
32582744
32582326
32582307
32582222
32581015
32580258
32579986
32578821
32578792
32578683
32577681
32577669
32577664
32577647
32577640
32575366
32575124
32575004
32574331
32574270
32574247
32574107
32572835
32572564
32572552
32567487
32567171
32566476
32566425
32565603
32565365
32565132
32563566
32562913
32562561
32562480
32562397
32561497
32560363
32558150
32556782
32556553
32556552
32555974
32554284
32553503
32553309
32551648
32551560
32551559
32550783
32550259
32549587
32549229
32548652
32548651
32546461
32543703
32543298
32541495
32541232
32540737
32540735
32540495
32540345
32538857
32538810
32538775
32535148
32533443
32532937
32532703
32532524
32531181
32530326
32528622
32528621
32528233
32528121
32526627
32526273
32525828
32525827
32524957
32524513
32523146
32522617
32522523
32521643
32520401
32520311
32520293
32520160
32519753
32519117
32516704
32516462
32514935
32514854
32514605
32513287
32513197
32512491
32511627
32511587
32511556
32511471
32511409
32511397
32511291
32510598
32510525
32510050
32509312
32506780
32505792
32505066
32504106
32502901
32501373
32501367
32500482
32500226
32499154
32498972
32498502
32496364
32496265
32495940
32495848
32495231
32493536
32493514
32493494
32489696
32489179
32488319
32487990
32487439
32485335
32479766
32476576
32476574
32475810
32473182
32472991
32471894
32470547
32470174
32470154
32469620
32468151
32467452
32467423
32464585
32464504
32464157
32462792
32462770
32462425
32461062
32460624
32460133
32459061
32458400
32458382
32458339
32458121
32456766
32455942
32454157
32452050
32451564
32450906
32450877
32450787
32447801
32447647
32447523
32446540
32444425
32442317
32439574
32438458
32437932
32437002
32436581
32436229
32435934
32435870
32435867
32432445
32430627
32430617
32430286
32430218
32429099
32428372
32427192
32426242
32425663
32425659
32425264
32425210
32424745
32423970
32423908
32423357
32423324
32423059
32422662
32422545
32420941
32420927
32420884
32419777
32419721
32419720
32418715
32418237
32417701
32416984
32416567
32416289
32415902
32415882
32415003
32414539
32414291
32413736
32413707
32412679
32412631
32412513
32411315
32410913
32410502
32410167
32410003
32405423
32405083
32404630
32402856
32402475
32399493
32396142
32394850
32392741
32391801
32391282
32389426
32388880
32388581
32388138
32388137
32387968
32386285
32382897
32382877
32379887
32377965
32376392
32376208
32375887
32375144
32373721
32370986
32370923
32370204
32368489
32364962
32364961
32363216
32362361
32360941
32360743
32360710
32360608
32360606
32360439
32360437
32360420
32355415
32354722
32354634
32354561
32353746
32353634
32352401
32352365
32350818
32350632
32349198
32349035
32348594
32348049
32342928
32342516
32342252
32341943
32340555
32339971
32336612
32335855
32335456
32335290
32335192
32335097
32334183
32334159
32331805
32331509
32331343
32329978
32329881
32324726
32322988
32317808
32317053
32313296
32312919
32311107
32305501
32304737
32303482
32301047
32299201
32296888
32292817
32292213
32285862
32285857
32285489
32283324
32283143
32279064
32278168
32277490
32265517
32255489
32253068
32251687
32246317
32241065
32238438
32238078
32237901
32236694
32219888
32211765
32202343
32198834
32196087
32179140
32179125
32173188
32141586
32113704
32112966
32109274
32104915
32052514
18305135
